
 camera_matrix: [[  7.215377e+02, 0.0,6.095593e+02], [0.0, 7.215377e+02,1.728540e+02], [0.000000e+00, 0.0, 1.0]]
 dist_coeffs: [-3.728755e-01, 2.037299e-01, 2.219027e-03, 1.383707e-03, -7.233722e-02]
#  7.215377e+02 0.000000e+00 6.095593e+02 0.000000e+00 0.000000e+00 7.215377e+02 1.728540e+02 0.000000e+00 0.000000e+00 0.000000e+00 1.000000e+00 0.000000e+00
